1.43 -0.99
2.36 -0.71
2.73 -0.61
3.2 -0.53
3.8 -0.455
4.54 -0.41
5.03 -0.395
3.5209021895199144, -0.5012664341569366
4.1190863638122766 -0.4440308674974478
3.3712407699820783 -0.5185239226519105
3.8728036088136775 -0.46559000335683454
3.73839005602811 -0.4784776996732911
2.908435084110511 -0.5820521216634464
4.385372189413729 -0.42330219875292197
3.8230631689358616 -0.37026032043169044
4.317151916177302 -0.31970465767644696
4.317151916177302 -0.3105844919945425
3.3817261663577 -0.39785634908310696
2.8681977224846036 -0.46892729893509266
3.387449187632001 -0.38643167632600417
2.541074706857107 -0.6195937107070428
2.4015764667892103 -0.6504755819213912
3.1853866095762893 -0.5083670935291209
2.2648687366170885 -0.6838565822080211
3.316067584955935 -0.3905952646779457
3.316067584955935 -0.38652287105624616
3.0577858332239933 -0.41934811457318355
2.4730067013457067 -0.6232202301261374
2.544407573680543 -0.6077646810441562
3.8529799248012466 -0.41748945197334875